image: cyc2.pgm
resolution: 0.050000
origin: [-49.800000, -38.600000, 0.000000]
negate: 0
occupied_thresh: 0.65
free_thresh: 0.196

